1 -0.938425 1.471056e-02 -0.345172 8.456584e+02 0.345449 5.439153e-02 -0.936860 3.723648e+03 0.004993 -9.984115e-01 -0.056123 1.159991e+02 0.000000 0 0.000000 1 
9 -0.953952 5.806826e-03 -0.299905 8.458253e+02 0.299744 5.654927e-02 -0.952342 3.723843e+03 0.011430 -9.983832e-01 -0.055685 1.159838e+02 0.000000 0 0.000000 1 
14 -0.966197 1.685921e-03 -0.257800 8.459552e+02 0.257463 5.784955e-02 -0.964555 3.724032e+03 0.013288 -9.983241e-01 -0.056327 1.159682e+02 0.000000 0 0.000000 1 
22 -0.975457 6.026747e-04 -0.220193 8.460603e+02 0.219856 5.803613e-02 -0.973804 3.724230e+03 0.012193 -9.983145e-01 -0.056743 1.159562e+02 0.000000 0 0.000000 1 
30 -0.982612 2.800245e-03 -0.185654 8.461557e+02 0.185490 5.943168e-02 -0.980847 3.724448e+03 0.008287 -9.982287e-01 -0.058917 1.159476e+02 0.000000 0 0.000000 1 
35 -0.988216 7.789503e-04 -0.153066 8.462511e+02 0.152868 5.615514e-02 -0.986650 3.724676e+03 0.007827 -9.984220e-01 -0.055612 1.159393e+02 0.000000 0 0.000000 1 
53 -0.993312 2.422840e-03 -0.115438 8.463412e+02 0.115320 7.061828e-02 -0.990815 3.724877e+03 0.005752 -9.975007e-01 -0.070425 1.159397e+02 0.000000 0 0.000000 1 
57 -0.997506 8.756848e-03 -0.070046 8.464196e+02 0.070489 7.006804e-02 -0.995048 3.725099e+03 -0.003805 -9.975040e-01 -0.070510 1.159377e+02 0.000000 0 0.000000 1 
61 -0.999856 2.739499e-03 -0.016773 8.465319e+02 0.016942 8.272838e-02 -0.996428 3.725317e+03 -0.001342 -9.965686e-01 -0.082762 1.159410e+02 0.000000 0 0.000000 1 
65 -0.999188 -2.577465e-04 0.040302 8.466269e+02 -0.040152 9.288784e-02 -0.994866 3.725561e+03 -0.003487 -9.956768e-01 -0.092822 1.159380e+02 0.000000 0 0.000000 1 
69 -0.994790 -9.788717e-03 0.101481 8.467250e+02 -0.101948 1.051870e-01 -0.989213 3.725827e+03 -0.000991 -9.944045e-01 -0.105636 1.159330e+02 0.000000 0 0.000000 1 
72 -0.988118 -2.040123e-02 0.152342 8.467984e+02 -0.153684 1.158822e-01 -0.981301 3.726053e+03 0.002366 -9.930537e-01 -0.117640 1.159258e+02 0.000000 0 0.000000 1 
75 -0.977213 -2.663223e-02 0.210583 8.468540e+02 -0.212259 1.267152e-01 -0.968963 3.726312e+03 -0.000878 -9.915818e-01 -0.129480 1.159218e+02 0.000000 0 0.000000 1 
78 -0.959360 -3.553335e-02 0.279941 8.469000e+02 -0.282148 1.375421e-01 -0.949460 3.726628e+03 -0.004766 -9.898586e-01 -0.141977 1.159176e+02 0.000000 0 0.000000 1 
80 -0.942428 -3.726312e-02 0.332328 8.469113e+02 -0.334144 1.446523e-01 -0.931356 3.726874e+03 -0.013366 -9.887809e-01 -0.148775 1.159196e+02 0.000000 0 0.000000 1 
82 -0.919520 -2.309509e-02 0.392364 8.468720e+02 -0.391148 1.517112e-01 -0.907737 3.727151e+03 -0.038562 -9.881552e-01 -0.148534 1.159332e+02 0.000000 0 0.000000 1 
84 -0.888475 -2.036215e-02 0.458474 8.468354e+02 -0.455631 1.586493e-01 -0.875917 3.727464e+03 -0.054901 -9.871252e-01 -0.150233 1.159394e+02 0.000000 0 0.000000 1 
86 -0.847887 -2.534910e-02 0.529571 8.467871e+02 -0.526256 1.615032e-01 -0.834848 3.727827e+03 -0.064364 -9.865468e-01 -0.150276 1.159506e+02 0.000000 0 0.000000 1 
88 -0.798096 -3.816359e-02 0.601321 8.467100e+02 -0.599530 1.497928e-01 -0.786210 3.728249e+03 -0.060069 -9.879808e-01 -0.142428 1.159725e+02 0.000000 0 0.000000 1 
89 -0.769039 -4.457667e-02 0.637646 8.466539e+02 -0.636664 1.422380e-01 -0.757910 3.728473e+03 -0.056912 -9.888285e-01 -0.137766 1.159835e+02 0.000000 0 0.000000 1 
90 -0.737291 -4.855861e-02 0.673828 8.465816e+02 -0.673271 1.351350e-01 -0.726942 3.728698e+03 -0.055758 -9.896368e-01 -0.132326 1.159933e+02 0.000000 0 0.000000 1 
91 -0.704946 -5.053684e-02 0.707458 8.464943e+02 -0.707055 1.287016e-01 -0.695349 3.728917e+03 -0.055910 -9.903951e-01 -0.126459 1.160015e+02 0.000000 0 0.000000 1 
92 -0.671640 -5.311133e-02 0.738971 8.463993e+02 -0.738845 1.218548e-01 -0.662767 3.729130e+03 -0.054847 -9.911262e-01 -0.121083 1.160092e+02 0.000000 0 0.000000 1 
93 -0.637172 -5.544657e-02 0.768724 8.462993e+02 -0.768797 1.161862e-01 -0.628851 3.729331e+03 -0.054447 -9.916788e-01 -0.116657 1.160167e+02 0.000000 0 0.000000 1 
95 -0.570942 -6.475382e-02 0.818432 8.460987e+02 -0.819700 1.008420e-01 -0.563847 3.729701e+03 -0.046021 -9.927932e-01 -0.110653 1.160272e+02 0.000000 0 0.000000 1 
97 -0.515434 -6.944795e-02 0.854110 8.459115e+02 -0.856022 8.758756e-02 -0.509465 3.729982e+03 -0.039428 -9.937333e-01 -0.104594 1.160352e+02 0.000000 0 0.000000 1 
99 -0.476586 -7.182732e-02 0.876189 8.457595e+02 -0.878265 8.305767e-02 -0.470906 3.730159e+03 -0.038950 -9.939531e-01 -0.102667 1.160396e+02 0.000000 0 0.000000 1 
106 -0.449122 -7.383593e-02 0.890414 8.456243e+02 -0.892277 8.857253e-02 -0.442716 3.730275e+03 -0.046178 -9.933296e-01 -0.105661 1.160381e+02 0.000000 0 0.000000 1 
116 -0.461921 -6.138350e-02 0.884794 8.458020e+02 -0.885741 8.338101e-02 -0.456631 3.730145e+03 -0.045745 -9.946256e-01 -0.092885 1.160396e+02 0.000000 0 0.000000 1 
118 -0.471914 -6.229528e-02 0.879441 8.459962e+02 -0.880379 8.674633e-02 -0.466272 3.730009e+03 -0.047241 -9.942811e-01 -0.095779 1.160373e+02 0.000000 0 0.000000 1 
120 -0.480081 -6.135234e-02 0.875076 8.462435e+02 -0.875855 8.924579e-02 -0.474250 3.729841e+03 -0.049000 -9.941185e-01 -0.096580 1.160349e+02 0.000000 0 0.000000 1 
122 -0.484672 -5.873664e-02 0.872721 8.465507e+02 -0.873180 9.122199e-02 -0.478787 3.729640e+03 -0.051489 -9.940971e-01 -0.095500 1.160334e+02 0.000000 0 0.000000 1 
123 -0.485846 -5.744118e-02 0.872155 8.467297e+02 -0.872440 9.231922e-02 -0.479924 3.729525e+03 -0.052949 -9.940715e-01 -0.094966 1.160319e+02 0.000000 0 0.000000 1 
124 -0.486177 -5.666619e-02 0.872021 8.469274e+02 -0.872166 9.358318e-02 -0.480177 3.729399e+03 -0.054396 -9.939978e-01 -0.094920 1.160306e+02 0.000000 0 0.000000 1 
125 -0.485465 -5.646000e-02 0.872431 8.471443e+02 -0.872524 9.408054e-02 -0.479428 3.729267e+03 -0.055010 -9.939626e-01 -0.094935 1.160302e+02 0.000000 0 0.000000 1 
126 -0.483360 -5.701503e-02 0.873563 8.473770e+02 -0.873667 9.457934e-02 -0.477244 3.729128e+03 -0.055411 -9.938835e-01 -0.095527 1.160307e+02 0.000000 0 0.000000 1 
127 -0.479887 -5.767115e-02 0.875433 8.476262e+02 -0.875535 9.530190e-02 -0.473664 3.728983e+03 -0.056113 -9.937767e-01 -0.096226 1.160320e+02 0.000000 0 0.000000 1 
128 -0.474891 -5.807088e-02 0.878126 8.478891e+02 -0.878215 9.558219e-02 -0.468618 3.728833e+03 -0.056720 -9.937265e-01 -0.096389 1.160338e+02 0.000000 0 0.000000 1 
129 -0.469914 -5.833098e-02 0.880782 8.481672e+02 -0.880816 9.636508e-02 -0.463550 3.728676e+03 -0.057837 -9.936356e-01 -0.096661 1.160332e+02 0.000000 0 0.000000 1 
130 -0.465744 -5.866903e-02 0.882972 8.484575e+02 -0.883034 9.591602e-02 -0.459403 3.728515e+03 -0.057738 -9.936592e-01 -0.096478 1.160309e+02 0.000000 0 0.000000 1 
131 -0.463434 -5.933969e-02 0.884142 8.487605e+02 -0.884328 9.460134e-02 -0.457182 3.728347e+03 -0.056512 -9.937454e-01 -0.096316 1.160294e+02 0.000000 0 0.000000 1 
132 -0.462359 -6.002761e-02 0.884658 8.490719e+02 -0.884918 9.433519e-02 -0.456093 3.728172e+03 -0.056076 -9.937293e-01 -0.096735 1.160282e+02 0.000000 0 0.000000 1 
133 -0.460927 -6.010359e-02 0.885400 8.493905e+02 -0.885623 9.494555e-02 -0.454597 3.727991e+03 -0.056742 -9.936666e-01 -0.096991 1.160287e+02 0.000000 0 0.000000 1 
134 -0.459159 -5.945001e-02 0.886362 8.497166e+02 -0.886384 9.708472e-02 -0.452658 3.727803e+03 -0.059141 -9.934992e-01 -0.097272 1.160296e+02 0.000000 0 0.000000 1 
135 -0.457037 -5.897454e-02 0.887490 8.500509e+02 -0.887344 9.882058e-02 -0.450395 3.727612e+03 -0.061140 -9.933564e-01 -0.097495 1.160300e+02 0.000000 0 0.000000 1 
136 -0.454733 -5.873263e-02 0.888689 8.503964e+02 -0.888507 9.874880e-02 -0.448113 3.727420e+03 -0.061438 -9.933779e-01 -0.097088 1.160299e+02 0.000000 0 0.000000 1 
137 -0.452687 -5.680246e-02 0.889858 8.507547e+02 -0.889552 9.751387e-02 -0.446307 3.727224e+03 -0.061422 -9.936121e-01 -0.094671 1.160300e+02 0.000000 0 0.000000 1 
138 -0.450350 -5.598418e-02 0.891095 8.511289e+02 -0.890822 9.545901e-02 -0.444213 3.727021e+03 -0.060194 -9.938580e-01 -0.092861 1.160298e+02 0.000000 0 0.000000 1 
139 -0.447539 -5.609347e-02 0.892503 8.515217e+02 -0.892303 9.409218e-02 -0.441524 3.726812e+03 -0.059211 -9.939822e-01 -0.092161 1.160297e+02 0.000000 0 0.000000 1 
140 -0.444716 -5.650884e-02 0.893887 8.519303e+02 -0.893789 9.267895e-02 -0.438808 3.726596e+03 -0.058048 -9.940915e-01 -0.091722 1.160304e+02 0.000000 0 0.000000 1 
141 -0.441513 -5.636159e-02 0.895483 8.523560e+02 -0.895486 9.033330e-02 -0.435828 3.726374e+03 -0.056328 -9.943157e-01 -0.090354 1.160325e+02 0.000000 0 0.000000 1 
142 -0.438358 -5.665730e-02 0.897013 8.527982e+02 -0.897054 8.976322e-02 -0.432709 3.726141e+03 -0.056002 -9.943505e-01 -0.090172 1.160314e+02 0.000000 0 0.000000 1 
143 -0.435624 -5.716616e-02 0.898311 8.532576e+02 -0.898352 9.028917e-02 -0.429898 3.725898e+03 -0.056532 -9.942738e-01 -0.090687 1.160328e+02 0.000000 0 0.000000 1 
144 -0.433034 -5.836298e-02 0.899486 8.537342e+02 -0.899678 8.925215e-02 -0.427335 3.725650e+03 -0.055340 -9.942979e-01 -0.091156 1.160334e+02 0.000000 0 0.000000 1 
145 -0.431058 -5.973012e-02 0.900345 8.542273e+02 -0.900732 8.773672e-02 -0.425423 3.725397e+03 -0.053582 -9.943516e-01 -0.091620 1.160342e+02 0.000000 0 0.000000 1 
146 -0.429675 -6.208352e-02 0.900846 8.547392e+02 -0.901568 8.533794e-02 -0.424138 3.725139e+03 -0.050544 -9.944162e-01 -0.092639 1.160348e+02 0.000000 0 0.000000 1 
147 -0.428481 -6.334777e-02 0.901327 8.552643e+02 -0.902205 8.443183e-02 -0.422963 3.724870e+03 -0.049307 -9.944138e-01 -0.093329 1.160357e+02 0.000000 0 0.000000 1 
148 -0.427104 -6.251220e-02 0.902039 8.558011e+02 -0.902865 8.374822e-02 -0.421690 3.724591e+03 -0.049183 -9.945245e-01 -0.092208 1.160378e+02 0.000000 0 0.000000 1 
149 -0.425799 -6.242000e-02 0.902662 8.563527e+02 -0.903514 8.288232e-02 -0.420469 3.724306e+03 -0.048569 -9.946028e-01 -0.091688 1.160383e+02 0.000000 0 0.000000 1 
150 -0.424401 -6.322076e-02 0.903265 8.569194e+02 -0.904257 8.130926e-02 -0.419176 3.724017e+03 -0.046943 -9.946821e-01 -0.091675 1.160408e+02 0.000000 0 0.000000 1 
151 -0.423011 -6.526932e-02 0.903771 8.574993e+02 -0.905016 7.977091e-02 -0.417832 3.723725e+03 -0.044823 -9.946743e-01 -0.092813 1.160385e+02 0.000000 0 0.000000 1 
152 -0.421751 -6.757904e-02 0.904189 8.580894e+02 -0.905638 7.991328e-02 -0.416454 3.723427e+03 -0.044113 -9.945086e-01 -0.094905 1.160410e+02 0.000000 0 0.000000 1 
153 -0.420368 -6.952624e-02 0.904686 8.586872e+02 -0.906314 7.989915e-02 -0.414984 3.723124e+03 -0.043431 -9.943755e-01 -0.096599 1.160422e+02 0.000000 0 0.000000 1 
154 -0.419220 -7.092527e-02 0.905110 8.592905e+02 -0.906931 7.842133e-02 -0.413918 3.722823e+03 -0.041622 -9.943944e-01 -0.097199 1.160439e+02 0.000000 0 0.000000 1 
155 -0.418494 -7.256761e-02 0.905316 8.598984e+02 -0.907418 7.529803e-02 -0.413430 3.722523e+03 -0.038167 -9.945173e-01 -0.097360 1.160441e+02 0.000000 0 0.000000 1 
156 -0.418646 -7.332540e-02 0.905184 8.605099e+02 -0.907472 7.228236e-02 -0.413849 3.722219e+03 -0.035083 -9.946854e-01 -0.096801 1.160435e+02 0.000000 0 0.000000 1 
157 -0.419822 -7.393274e-02 0.904590 8.611233e+02 -0.907024 6.990975e-02 -0.415237 3.721911e+03 -0.032540 -9.948101e-01 -0.096408 1.160451e+02 0.000000 0 0.000000 1 
158 -0.421521 -7.437597e-02 0.903763 8.617381e+02 -0.906284 6.880336e-02 -0.417034 3.721596e+03 -0.031164 -9.948541e-01 -0.096407 1.160471e+02 0.000000 0 0.000000 1 
159 -0.423154 -7.486898e-02 0.902959 8.623588e+02 -0.905564 6.786004e-02 -0.418748 3.721279e+03 -0.029923 -9.948820e-01 -0.096513 1.160492e+02 0.000000 0 0.000000 1 
160 -0.425376 -7.582362e-02 0.901835 8.629832e+02 -0.904601 6.585370e-02 -0.421144 3.720958e+03 -0.027456 -9.949445e-01 -0.096602 1.160508e+02 0.000000 0 0.000000 1 
161 -0.428550 -7.650789e-02 0.900273 8.636134e+02 -0.903165 6.416354e-02 -0.424473 3.720632e+03 -0.025289 -9.950025e-01 -0.096596 1.160529e+02 0.000000 0 0.000000 1 
162 -0.431403 -7.750055e-02 0.898824 8.642471e+02 -0.901840 6.356974e-02 -0.427369 3.720299e+03 -0.024016 -9.949638e-01 -0.097316 1.160557e+02 0.000000 0 0.000000 1 
163 -0.433776 -7.871830e-02 0.897575 8.648843e+02 -0.900722 6.354047e-02 -0.429724 3.719961e+03 -0.023205 -9.948701e-01 -0.098465 1.160561e+02 0.000000 0 0.000000 1 
164 -0.435820 -8.053215e-02 0.896423 8.655274e+02 -0.899743 6.433250e-02 -0.431654 3.719618e+03 -0.022907 -9.946740e-01 -0.100495 1.160567e+02 0.000000 0 0.000000 1 
165 -0.437343 -8.117189e-02 0.895624 8.661738e+02 -0.899023 6.396781e-02 -0.433205 3.719273e+03 -0.022127 -9.946455e-01 -0.100950 1.160595e+02 0.000000 0 0.000000 1 
166 -0.438569 -8.219043e-02 0.894931 8.668239e+02 -0.898446 6.370513e-02 -0.434440 3.718925e+03 -0.021305 -9.945787e-01 -0.101782 1.160587e+02 0.000000 0 0.000000 1 
167 -0.439877 -8.271293e-02 0.894241 8.674773e+02 -0.897797 6.455172e-02 -0.435655 3.718573e+03 -0.021690 -9.944808e-01 -0.102653 1.160562e+02 0.000000 0 0.000000 1 
168 -0.440908 -8.342839e-02 0.893666 8.681331e+02 -0.897308 6.420687e-02 -0.436711 3.718218e+03 -0.020945 -9.944434e-01 -0.103170 1.160541e+02 0.000000 0 0.000000 1 
169 -0.442275 -8.516903e-02 0.892826 8.687956e+02 -0.896647 6.470171e-02 -0.437995 3.717859e+03 -0.020464 -9.942637e-01 -0.104982 1.160527e+02 0.000000 0 0.000000 1 
170 -0.442970 -8.544256e-02 0.892455 8.694622e+02 -0.896306 6.481540e-02 -0.438676 3.717497e+03 -0.020363 -9.942329e-01 -0.105293 1.160510e+02 0.000000 0 0.000000 1 
171 -0.443322 -8.484931e-02 0.892337 8.701345e+02 -0.896106 6.575832e-02 -0.438942 3.717131e+03 -0.021434 -9.942218e-01 -0.105185 1.160476e+02 0.000000 0 0.000000 1 
172 -0.443067 -8.360795e-02 0.892581 8.708108e+02 -0.896178 6.751109e-02 -0.438529 3.716759e+03 -0.023594 -9.942094e-01 -0.104839 1.160446e+02 0.000000 0 0.000000 1 
173 -0.442101 -8.376265e-02 0.893046 8.714976e+02 -0.896644 6.795123e-02 -0.437508 3.716387e+03 -0.024036 -9.941664e-01 -0.105146 1.160394e+02 0.000000 0 0.000000 1 
174 -0.440451 -8.423421e-02 0.893816 8.721907e+02 -0.897461 6.773346e-02 -0.435864 3.716016e+03 -0.023826 -9.941415e-01 -0.105429 1.160355e+02 0.000000 0 0.000000 1 
175 -0.437532 -8.304366e-02 0.895360 8.728899e+02 -0.898827 6.918915e-02 -0.432809 3.715642e+03 -0.026007 -9.941414e-01 -0.104914 1.160334e+02 0.000000 0 0.000000 1 
176 -0.433780 -8.111783e-02 0.897360 8.735927e+02 -0.900612 6.898293e-02 -0.429116 3.715269e+03 -0.027093 -9.943147e-01 -0.102978 1.160326e+02 0.000000 0 0.000000 1 
177 -0.430631 -7.990866e-02 0.898983 8.743032e+02 -0.902088 6.924378e-02 -0.425963 3.714896e+03 -0.028211 -9.943945e-01 -0.101902 1.160309e+02 0.000000 0 0.000000 1 
178 -0.427086 -7.891984e-02 0.900760 8.750237e+02 -0.903777 6.814906e-02 -0.422545 3.714525e+03 -0.028038 -9.945491e-01 -0.100431 1.160308e+02 0.000000 0 0.000000 1 
179 -0.422873 -7.946710e-02 0.902698 8.757512e+02 -0.905720 6.913517e-02 -0.418202 3.714153e+03 -0.029175 -9.944374e-01 -0.101210 1.160278e+02 0.000000 0 0.000000 1 
180 -0.418506 -7.804300e-02 0.904854 8.764825e+02 -0.907718 6.888684e-02 -0.413889 3.713784e+03 -0.030031 -9.945674e-01 -0.099670 1.160289e+02 0.000000 0 0.000000 1 
181 -0.414604 -7.725514e-02 0.906716 8.772206e+02 -0.909519 6.763889e-02 -0.410122 3.713418e+03 -0.029645 -9.947146e-01 -0.098308 1.160300e+02 0.000000 0 0.000000 1 
182 -0.411220 -7.633114e-02 0.908335 8.779624e+02 -0.911068 6.636929e-02 -0.406879 3.713052e+03 -0.029228 -9.948714e-01 -0.096834 1.160312e+02 0.000000 0 0.000000 1 
183 -0.409478 -7.766345e-02 0.909008 8.787137e+02 -0.911867 6.624181e-02 -0.405106 3.712682e+03 -0.028752 -9.947768e-01 -0.097943 1.160296e+02 0.000000 0 0.000000 1 
184 -0.410078 -7.941653e-02 0.908586 8.794690e+02 -0.911618 6.637643e-02 -0.405644 3.712308e+03 -0.028094 -9.946294e-01 -0.099616 1.160303e+02 0.000000 0 0.000000 1 
185 -0.411378 -8.129406e-02 0.907832 8.802262e+02 -0.911061 6.635585e-02 -0.406898 3.711932e+03 -0.027161 -9.944791e-01 -0.101360 1.160296e+02 0.000000 0 0.000000 1 
186 -0.412375 -8.112838e-02 0.907395 8.809820e+02 -0.910573 6.770909e-02 -0.407765 3.711553e+03 -0.028357 -9.944014e-01 -0.101794 1.160296e+02 0.000000 0 0.000000 1 
187 -0.413155 -8.049382e-02 0.907096 8.817378e+02 -0.910175 6.907037e-02 -0.408427 3.711169e+03 -0.029777 -9.943593e-01 -0.101799 1.160292e+02 0.000000 0 0.000000 1 
188 -0.413993 -7.983977e-02 0.906772 8.824966e+02 -0.909780 6.931951e-02 -0.409262 3.710784e+03 -0.030181 -9.943947e-01 -0.101334 1.160290e+02 0.000000 0 0.000000 1 
189 -0.415107 -8.032600e-02 0.906219 8.832619e+02 -0.909291 6.904445e-02 -0.410394 3.710398e+03 -0.029604 -9.943747e-01 -0.101700 1.160269e+02 0.000000 0 0.000000 1 
190 -0.416165 -8.069762e-02 0.905701 8.840313e+02 -0.908778 7.031697e-02 -0.411313 3.710006e+03 -0.030494 -9.942554e-01 -0.102599 1.160257e+02 0.000000 0 0.000000 1 
191 -0.417181 -8.255379e-02 0.905066 8.848019e+02 -0.908286 7.214998e-02 -0.412083 3.709612e+03 -0.031281 -9.939717e-01 -0.105081 1.160212e+02 0.000000 0 0.000000 1 
192 -0.418254 -8.483526e-02 0.904359 8.855719e+02 -0.907836 7.190607e-02 -0.413116 3.709222e+03 -0.029982 -9.937972e-01 -0.107091 1.160173e+02 0.000000 0 0.000000 1 
193 -0.419348 -8.536169e-02 0.903803 8.863369e+02 -0.907349 7.166525e-02 -0.414225 3.708833e+03 -0.029412 -9.937696e-01 -0.107505 1.160148e+02 0.000000 0 0.000000 1 
194 -0.420178 -8.457724e-02 0.903491 8.870991e+02 -0.907039 6.883707e-02 -0.415383 3.708447e+03 -0.027061 -9.940365e-01 -0.105638 1.160121e+02 0.000000 0 0.000000 1 
195 -0.421344 -8.288086e-02 0.903106 8.878570e+02 -0.906534 6.684348e-02 -0.416808 3.708060e+03 -0.025821 -9.943154e-01 -0.103298 1.160078e+02 0.000000 0 0.000000 1 
196 -0.422651 -8.327776e-02 0.902458 8.886144e+02 -0.905977 6.511571e-02 -0.418290 3.707673e+03 -0.023930 -9.943969e-01 -0.102968 1.160057e+02 0.000000 0 0.000000 1 
197 -0.423936 -8.605109e-02 0.901595 8.893686e+02 -0.905419 6.474092e-02 -0.419555 3.707287e+03 -0.022267 -9.941852e-01 -0.105357 1.160025e+02 0.000000 0 0.000000 1 
198 -0.425230 -8.648303e-02 0.900944 8.901146e+02 -0.904833 6.417009e-02 -0.420905 3.706901e+03 -0.021412 -9.941848e-01 -0.105539 1.160035e+02 0.000000 0 0.000000 1 
199 -0.426241 -8.570375e-02 0.900541 8.908538e+02 -0.904427 6.043679e-02 -0.422328 3.706523e+03 -0.018230 -9.944862e-01 -0.103273 1.160050e+02 0.000000 0 0.000000 1 
200 -0.427453 -8.433545e-02 0.900095 8.915854e+02 -0.903849 6.024758e-02 -0.423590 3.706142e+03 -0.018505 -9.946146e-01 -0.101979 1.160044e+02 0.000000 0 0.000000 1 
201 -0.428308 -8.599722e-02 0.899531 8.923130e+02 -0.903433 6.171626e-02 -0.424265 3.705758e+03 -0.019030 -9.943822e-01 -0.104125 1.160025e+02 0.000000 0 0.000000 1 
202 -0.429740 -8.783345e-02 0.898671 8.930301e+02 -0.902721 6.435992e-02 -0.425386 3.705377e+03 -0.020475 -9.940541e-01 -0.106946 1.160050e+02 0.000000 0 0.000000 1 
203 -0.430511 -8.889752e-02 0.898197 8.937391e+02 -0.902347 6.529433e-02 -0.426038 3.705002e+03 -0.020773 -9.938986e-01 -0.108326 1.160048e+02 0.000000 0 0.000000 1 
204 -0.430754 -8.749908e-02 0.898217 8.944370e+02 -0.902275 6.246380e-02 -0.426614 3.704639e+03 -0.018777 -9.942045e-01 -0.105854 1.160081e+02 0.000000 0 0.000000 1 
205 -0.430945 -8.521686e-02 0.898345 8.951212e+02 -0.902147 6.325996e-02 -0.426768 3.704277e+03 -0.020461 -9.943524e-01 -0.104139 1.160069e+02 0.000000 0 0.000000 1 
206 -0.429907 -8.244587e-02 0.899101 8.957911e+02 -0.902586 6.436820e-02 -0.425671 3.703919e+03 -0.022778 -9.945149e-01 -0.102086 1.160108e+02 0.000000 0 0.000000 1 
207 -0.427675 -8.405774e-02 0.900016 8.964580e+02 -0.903636 6.530325e-02 -0.423295 3.703573e+03 -0.023192 -9.943190e-01 -0.103885 1.160141e+02 0.000000 0 0.000000 1 
208 -0.423270 -8.397903e-02 0.902103 8.971121e+02 -0.905683 6.572904e-02 -0.418830 3.703238e+03 -0.024121 -9.942976e-01 -0.103879 1.160175e+02 0.000000 0 0.000000 1 
209 -0.416610 -8.619137e-02 0.904990 8.977589e+02 -0.908782 6.522290e-02 -0.412144 3.702916e+03 -0.023503 -9.941416e-01 -0.105501 1.160177e+02 0.000000 0 0.000000 1 
210 -0.409103 -8.719237e-02 0.908313 8.983975e+02 -0.912195 6.434031e-02 -0.404674 3.702612e+03 -0.023156 -9.941118e-01 -0.105857 1.160203e+02 0.000000 0 0.000000 1 
211 -0.400490 -8.923281e-02 0.911946 8.990295e+02 -0.916068 6.147332e-02 -0.396284 3.702322e+03 -0.020698 -9.941122e-01 -0.106362 1.160218e+02 0.000000 0 0.000000 1 
212 -0.390020 -9.079561e-02 0.916319 8.996512e+02 -0.920601 5.949645e-02 -0.385947 3.702044e+03 -0.019475 -9.940909e-01 -0.106791 1.160224e+02 0.000000 0 0.000000 1 
213 -0.376737 -9.073645e-02 0.921865 9.002664e+02 -0.926088 5.920353e-02 -0.372635 3.701780e+03 -0.020766 -9.941138e-01 -0.106333 1.160250e+02 0.000000 0 0.000000 1 
214 -0.359743 -9.140320e-02 0.928563 9.008766e+02 -0.932797 5.847062e-02 -0.355628 3.701532e+03 -0.021788 -9.940961e-01 -0.106294 1.160258e+02 0.000000 0 0.000000 1 
215 -0.339606 -9.284694e-02 0.935974 9.014873e+02 -0.940340 5.544298e-02 -0.335691 3.701308e+03 -0.020725 -9.941358e-01 -0.106136 1.160276e+02 0.000000 0 0.000000 1 
216 -0.316369 -9.461313e-02 0.943906 9.020997e+02 -0.948425 5.256862e-02 -0.312614 3.701105e+03 -0.020042 -9.941254e-01 -0.106364 1.160271e+02 0.000000 0 0.000000 1 
217 -0.289071 -9.639065e-02 0.952442 9.027137e+02 -0.957134 4.810290e-02 -0.285626 3.700927e+03 -0.018283 -9.941808e-01 -0.106163 1.160271e+02 0.000000 0 0.000000 1 
218 -0.258663 -9.766407e-02 0.961018 9.033293e+02 -0.965834 4.273104e-02 -0.255616 3.700774e+03 -0.016100 -9.943019e-01 -0.105379 1.160272e+02 0.000000 0 0.000000 1 
219 -0.224022 -9.885865e-02 0.969557 9.039442e+02 -0.974483 3.711671e-02 -0.221375 3.700648e+03 -0.014102 -9.944093e-01 -0.104650 1.160269e+02 0.000000 0 0.000000 1 
220 -0.186369 -1.002085e-01 0.977356 9.045592e+02 -0.982396 3.203091e-02 -0.184046 3.700549e+03 -0.012862 -9.944510e-01 -0.104413 1.160275e+02 0.000000 0 0.000000 1 
221 -0.145972 -1.038435e-01 0.983823 9.051772e+02 -0.989211 2.787095e-02 -0.143829 3.700477e+03 -0.012484 -9.942033e-01 -0.106791 1.160234e+02 0.000000 0 0.000000 1 
222 -0.102567 -1.082847e-01 0.988814 9.057961e+02 -0.994660 2.268798e-02 -0.100689 3.700437e+03 -0.011531 -9.938612e-01 -0.110033 1.160212e+02 0.000000 0 0.000000 1 
223 -0.056247 -1.125086e-01 0.992057 9.064107e+02 -0.998359 1.710000e-02 -0.054665 3.700427e+03 -0.010814 -9.935038e-01 -0.113285 1.160172e+02 0.000000 0 0.000000 1 
224 -0.008469 -1.157205e-01 0.993246 9.070217e+02 -0.999917 1.065278e-02 -0.007285 3.700451e+03 -0.009737 -9.932249e-01 -0.115800 1.160102e+02 0.000000 0 0.000000 1 
225 0.039894 -1.165674e-01 0.992381 9.076235e+02 -0.999167 3.898419e-03 0.040624 3.700503e+03 -0.008604 -9.931754e-01 -0.116314 1.160046e+02 0.000000 0 0.000000 1 
226 0.089352 -1.176511e-01 0.989027 9.082174e+02 -0.995983 -4.591112e-03 0.089433 3.700588e+03 -0.005981 -9.930446e-01 -0.117588 1.159954e+02 0.000000 0 0.000000 1 
227 0.138809 -1.187430e-01 0.983174 9.088035e+02 -0.990307 -1.153351e-02 0.138422 3.700702e+03 -0.005097 -9.928583e-01 -0.119192 1.159836e+02 0.000000 0 0.000000 1 
228 0.188319 -1.167902e-01 0.975139 9.093751e+02 -0.982077 -1.451568e-02 0.187920 3.700837e+03 -0.007792 -9.930508e-01 -0.117430 1.159808e+02 0.000000 0 0.000000 1 
229 0.237266 -1.130389e-01 0.964846 9.099333e+02 -0.971371 -1.528842e-02 0.237079 3.700995e+03 -0.012048 -9.934732e-01 -0.113429 1.159829e+02 0.000000 0 0.000000 1 
230 0.285293 -1.070946e-01 0.952438 9.104752e+02 -0.958365 -1.941318e-02 0.284885 3.701186e+03 -0.012020 -9.940595e-01 -0.108173 1.159834e+02 0.000000 0 0.000000 1 
231 0.333294 -9.374094e-02 0.938151 9.109919e+02 -0.942773 -2.280468e-02 0.332657 3.701407e+03 -0.009789 -9.953356e-01 -0.095976 1.159876e+02 0.000000 0 0.000000 1 
232 0.380756 -8.590365e-02 0.920677 9.115024e+02 -0.924604 -2.291611e-02 0.380241 3.701645e+03 -0.011565 -9.960401e-01 -0.088151 1.159951e+02 0.000000 0 0.000000 1 
233 0.426586 -8.386604e-02 0.900550 9.120104e+02 -0.904302 -2.170556e-02 0.426341 3.701905e+03 -0.016208 -9.962408e-01 -0.085099 1.160037e+02 0.000000 0 0.000000 1 
234 0.471247 -8.347359e-02 0.878042 9.125051e+02 -0.881869 -2.733893e-02 0.470701 3.702201e+03 -0.015286 -9.961351e-01 -0.086495 1.160061e+02 0.000000 0 0.000000 1 
235 0.513824 -8.542687e-02 0.853632 9.129868e+02 -0.857777 -3.460541e-02 0.512856 3.702527e+03 -0.014271 -9.957435e-01 -0.091058 1.160125e+02 0.000000 0 0.000000 1 
236 0.555584 -8.738454e-02 0.826856 9.134520e+02 -0.831355 -4.256193e-02 0.554109 3.702873e+03 -0.013228 -9.952652e-01 -0.096294 1.160185e+02 0.000000 0 0.000000 1 
237 0.595977 -8.783636e-02 0.798183 9.138983e+02 -0.802815 -4.373671e-02 0.594622 3.703231e+03 -0.017319 -9.951745e-01 -0.096582 1.160283e+02 0.000000 0 0.000000 1 
238 0.634904 -8.734766e-02 0.767638 9.143247e+02 -0.772372 -4.802807e-02 0.633353 3.703613e+03 -0.018453 -9.950197e-01 -0.097957 1.160321e+02 0.000000 0 0.000000 1 
239 0.671992 -8.561739e-02 0.735593 9.147285e+02 -0.740384 -5.602352e-02 0.669846 3.704027e+03 -0.016140 -9.947520e-01 -0.101036 1.160299e+02 0.000000 0 0.000000 1 
240 0.706857 -8.509052e-02 0.702220 9.151194e+02 -0.707150 -6.099388e-02 0.704428 3.704456e+03 -0.017109 -9.945048e-01 -0.103285 1.160263e+02 0.000000 0 0.000000 1 
241 0.739521 -8.561221e-02 0.667668 9.154931e+02 -0.672899 -6.777333e-02 0.736623 3.704907e+03 -0.017814 -9.940210e-01 -0.107727 1.160230e+02 0.000000 0 0.000000 1 
242 0.768964 -8.356050e-02 0.633808 9.158496e+02 -0.639043 -7.275455e-02 0.765722 3.705374e+03 -0.017871 -9.938435e-01 -0.109344 1.160265e+02 0.000000 0 0.000000 1 
243 0.795303 -7.841924e-02 0.601120 9.161863e+02 -0.605972 -7.486994e-02 0.791954 3.705855e+03 -0.017098 -9.941053e-01 -0.107063 1.160275e+02 0.000000 0 0.000000 1 
244 0.818639 -7.000421e-02 0.570027 9.165048e+02 -0.574129 -7.486411e-02 0.815335 3.706347e+03 -0.014402 -9.947338e-01 -0.101477 1.160260e+02 0.000000 0 0.000000 1 
245 0.839131 -6.100794e-02 0.540497 9.168102e+02 -0.543818 -7.397918e-02 0.835936 3.706853e+03 -0.011013 -9.953922e-01 -0.095255 1.160263e+02 0.000000 0 0.000000 1 
246 0.856584 -5.930791e-02 0.512589 9.171149e+02 -0.515872 -7.560555e-02 0.853322 3.707376e+03 -0.011854 -9.953727e-01 -0.095357 1.160228e+02 0.000000 0 0.000000 1 
247 0.871168 -5.762885e-02 0.487592 9.174096e+02 -0.490869 -8.054361e-02 0.867502 3.707916e+03 -0.010720 -9.950840e-01 -0.098454 1.160224e+02 0.000000 0 0.000000 1 
248 0.884043 -5.397154e-02 0.464280 9.176902e+02 -0.467340 -8.532529e-02 0.879950 3.708471e+03 -0.007877 -9.948905e-01 -0.100653 1.160205e+02 0.000000 0 0.000000 1 
249 0.895350 -4.943007e-02 0.442613 9.179616e+02 -0.445333 -8.760000e-02 0.891069 3.709032e+03 -0.005272 -9.949288e-01 -0.100445 1.160274e+02 0.000000 0 0.000000 1 
250 0.904662 -4.387672e-02 0.423866 9.182260e+02 -0.426123 -8.702260e-02 0.900470 3.709600e+03 -0.002623 -9.952399e-01 -0.097422 1.160266e+02 0.000000 0 0.000000 1 
251 0.912404 -3.971888e-02 0.407361 9.184893e+02 -0.409292 -8.683458e-02 0.908262 3.710181e+03 -0.000702 -9.954309e-01 -0.095484 1.160218e+02 0.000000 0 0.000000 1 
252 0.918499 -3.677901e-02 0.393709 9.187536e+02 -0.395413 -9.283021e-02 0.913800 3.710782e+03 0.002940 -9.950027e-01 -0.099807 1.160120e+02 0.000000 0 0.000000 1 
253 0.922427 -3.467208e-02 0.384613 9.190198e+02 -0.386113 -1.003026e-01 0.916982 3.711396e+03 0.006784 -9.943529e-01 -0.105908 1.160070e+02 0.000000 0 0.000000 1 
254 0.924490 -3.200154e-02 0.379863 9.192876e+02 -0.381030 -1.080992e-01 0.918221 3.712023e+03 0.011679 -9.936251e-01 -0.112129 1.160015e+02 0.000000 0 0.000000 1 
255 0.924850 -2.952098e-02 0.379185 9.195635e+02 -0.380066 -1.090420e-01 0.918509 3.712647e+03 0.014232 -9.935989e-01 -0.112067 1.159972e+02 0.000000 0 0.000000 1 
256 0.924252 -2.711337e-02 0.380820 9.198481e+02 -0.381394 -1.106407e-01 0.917767 3.713281e+03 0.017251 -9.934908e-01 -0.112600 1.159834e+02 0.000000 0 0.000000 1 
257 0.923025 -2.578430e-02 0.383877 9.201453e+02 -0.384372 -1.055265e-01 0.917127 3.713916e+03 0.016862 -9.940824e-01 -0.107314 1.159822e+02 0.000000 0 0.000000 1 
258 0.921449 -2.386600e-02 0.387768 9.204473e+02 -0.388141 -9.954898e-02 0.916208 3.714556e+03 0.016736 -9.947466e-01 -0.100992 1.159853e+02 0.000000 0 0.000000 1 
259 0.919476 -1.973728e-02 0.392652 9.207536e+02 -0.392689 -9.438124e-02 0.914816 3.715203e+03 0.019003 -9.953407e-01 -0.094531 1.159870e+02 0.000000 0 0.000000 1 
260 0.917648 -1.723182e-02 0.397023 9.210682e+02 -0.396854 -9.191102e-02 0.913268 3.715864e+03 0.020754 -9.956183e-01 -0.091180 1.159830e+02 0.000000 0 0.000000 1 
261 0.915877 -1.733354e-02 0.401086 9.213932e+02 -0.400786 -9.735247e-02 0.910984 3.716544e+03 0.023256 -9.950992e-01 -0.096109 1.159757e+02 0.000000 0 0.000000 1 
262 0.913959 -1.909246e-02 0.405358 9.217259e+02 -0.404975 -1.068564e-01 0.908062 3.717238e+03 0.025978 -9.940914e-01 -0.105393 1.159721e+02 0.000000 0 0.000000 1 
263 0.912036 -1.658873e-02 0.409777 9.220552e+02 -0.408879 -1.142204e-01 0.905412 3.717935e+03 0.031786 -9.933172e-01 -0.110955 1.159664e+02 0.000000 0 0.000000 1 
264 0.910141 -1.414912e-02 0.414057 9.223916e+02 -0.412825 -1.151958e-01 0.903496 3.718628e+03 0.034914 -9.932423e-01 -0.110685 1.159589e+02 0.000000 0 0.000000 1 
265 0.908602 -1.183448e-02 0.417496 9.227382e+02 -0.416032 -1.139158e-01 0.902186 3.719320e+03 0.036883 -9.934202e-01 -0.108427 1.159493e+02 0.000000 0 0.000000 1 
266 0.906939 -1.082276e-02 0.421124 9.230925e+02 -0.419569 -1.127810e-01 0.900690 3.720018e+03 0.037747 -9.935612e-01 -0.106825 1.159456e+02 0.000000 0 0.000000 1 
267 0.905358 -9.099226e-03 0.424553 9.234510e+02 -0.422710 -1.147816e-01 0.898967 3.720727e+03 0.040551 -9.933493e-01 -0.107764 1.159376e+02 0.000000 0 0.000000 1 
268 0.904031 -1.155076e-02 0.427311 9.238207e+02 -0.425643 -1.165704e-01 0.897351 3.721437e+03 0.039447 -9.931155e-01 -0.110299 1.159296e+02 0.000000 0 0.000000 1 
269 0.902724 -1.271163e-02 0.430033 9.241919e+02 -0.428419 -1.179515e-01 0.895848 3.722145e+03 0.039336 -9.929382e-01 -0.111923 1.159263e+02 0.000000 0 0.000000 1 
270 0.901098 -1.357104e-02 0.433403 9.245638e+02 -0.431897 -1.169948e-01 0.894302 3.722848e+03 0.038570 -9.930400e-01 -0.111284 1.159249e+02 0.000000 0 0.000000 1 
271 0.899396 -1.182374e-02 0.436975 9.249328e+02 -0.435378 -1.137812e-01 0.893028 3.723546e+03 0.039161 -9.934357e-01 -0.107481 1.159229e+02 0.000000 0 0.000000 1 
272 0.897892 -1.283501e-02 0.440029 9.253090e+02 -0.438669 -1.098220e-01 0.891913 3.724239e+03 0.036878 -9.938686e-01 -0.104238 1.159220e+02 0.000000 0 0.000000 1 
273 0.896763 -1.516850e-02 0.442252 9.256900e+02 -0.441240 -1.063792e-01 0.891061 3.724931e+03 0.033531 -9.942102e-01 -0.102089 1.159266e+02 0.000000 0 0.000000 1 
274 0.895522 -1.862083e-02 0.444628 9.260731e+02 -0.443977 -1.056872e-01 0.889783 3.725620e+03 0.030423 -9.942253e-01 -0.102912 1.159275e+02 0.000000 0 0.000000 1 
275 0.894250 -2.270889e-02 0.446993 9.264593e+02 -0.446794 -1.040618e-01 0.888564 3.726303e+03 0.026337 -9.943118e-01 -0.103203 1.159303e+02 0.000000 0 0.000000 1 
276 0.893087 -2.702763e-02 0.449072 9.268476e+02 -0.449339 -1.027141e-01 0.887437 3.726985e+03 0.022141 -9.943439e-01 -0.103876 1.159345e+02 0.000000 0 0.000000 1 
277 0.891741 -3.098661e-02 0.451486 9.272373e+02 -0.452197 -1.003197e-01 0.886258 3.727665e+03 0.017831 -9.944729e-01 -0.103470 1.159372e+02 0.000000 0 0.000000 1 
278 0.890393 -3.154512e-02 0.454099 9.276231e+02 -0.454872 -9.911172e-02 0.885024 3.728344e+03 0.017089 -9.945764e-01 -0.102597 1.159364e+02 0.000000 0 0.000000 1 
279 0.889076 -3.191081e-02 0.456646 9.280099e+02 -0.457456 -9.830776e-02 0.883781 3.729023e+03 0.016690 -9.946445e-01 -0.102000 1.159382e+02 0.000000 0 0.000000 1 
280 0.887642 -3.430473e-02 0.459256 9.284010e+02 -0.460306 -9.752093e-02 0.882387 3.729697e+03 0.014517 -9.946423e-01 -0.102354 1.159407e+02 0.000000 0 0.000000 1 
281 0.886193 -3.522637e-02 0.461976 9.287944e+02 -0.463123 -9.619341e-02 0.881058 3.730371e+03 0.013403 -9.947394e-01 -0.101559 1.159430e+02 0.000000 0 0.000000 1 
282 0.884599 -3.631905e-02 0.464937 9.291915e+02 -0.466185 -9.573002e-02 0.879493 3.731049e+03 0.012566 -9.947448e-01 -0.101613 1.159452e+02 0.000000 0 0.000000 1 
283 0.883053 -3.746174e-02 0.467777 9.295918e+02 -0.469119 -9.614694e-02 0.877886 3.731731e+03 0.012088 -9.946622e-01 -0.102476 1.159468e+02 0.000000 0 0.000000 1 
284 0.881436 -3.995143e-02 0.470612 9.299984e+02 -0.472168 -9.851633e-02 0.875986 3.732420e+03 0.011366 -9.943334e-01 -0.105699 1.159423e+02 0.000000 0 0.000000 1 
285 0.879743 -4.263985e-02 0.473534 9.304118e+02 -0.475344 -9.995646e-02 0.874104 3.733111e+03 0.010061 -9.940780e-01 -0.108204 1.159408e+02 0.000000 0 0.000000 1 
286 0.878078 -4.477396e-02 0.476419 9.308270e+02 -0.478439 -1.003044e-01 0.872373 3.733801e+03 0.008728 -9.939491e-01 -0.109496 1.159396e+02 0.000000 0 0.000000 1 
287 0.876493 -4.673587e-02 0.479142 9.312475e+02 -0.481377 -9.760664e-02 0.871062 3.734490e+03 0.006058 -9.941273e-01 -0.108048 1.159375e+02 0.000000 0 0.000000 1 
288 0.875415 -4.885992e-02 0.480898 9.316713e+02 -0.483367 -9.384832e-02 0.870373 3.735178e+03 0.002605 -9.943871e-01 -0.105773 1.159353e+02 0.000000 0 0.000000 1 
289 0.874970 -5.032107e-02 0.481555 9.320948e+02 -0.484177 -9.042813e-02 0.870284 3.735865e+03 -0.000247 -9.946311e-01 -0.103485 1.159353e+02 0.000000 0 0.000000 1 
290 0.874965 -5.236768e-02 0.481348 9.325186e+02 -0.484178 -8.831959e-02 0.870500 3.736554e+03 -0.003073 -9.947149e-01 -0.102631 1.159353e+02 0.000000 0 0.000000 1 
291 0.875391 -5.435834e-02 0.480351 9.329419e+02 -0.483394 -8.884768e-02 0.870882 3.737251e+03 -0.004661 -9.945611e-01 -0.104052 1.159335e+02 0.000000 0 0.000000 1 
292 0.876288 -5.767747e-02 0.478324 9.333656e+02 -0.481741 -9.086544e-02 0.871590 3.737952e+03 -0.006808 -9.941918e-01 -0.107409 1.159301e+02 0.000000 0 0.000000 1 
293 0.877734 -6.043076e-02 0.475323 9.337855e+02 -0.479065 -9.212898e-02 0.872931 3.738652e+03 -0.008961 -9.939119e-01 -0.109814 1.159282e+02 0.000000 0 0.000000 1 
294 0.879501 -6.290116e-02 0.471723 9.342016e+02 -0.475763 -9.257155e-02 0.874688 3.739354e+03 -0.011350 -9.937175e-01 -0.111342 1.159227e+02 0.000000 0 0.000000 1 
295 0.881688 -6.286564e-02 0.467626 9.346079e+02 -0.471670 -9.139455e-02 0.877026 3.740055e+03 -0.012396 -9.938287e-01 -0.110233 1.159199e+02 0.000000 0 0.000000 1 
296 0.884300 -6.222483e-02 0.462755 9.350090e+02 -0.466748 -9.096867e-02 0.879699 3.740761e+03 -0.012643 -9.939081e-01 -0.109486 1.159148e+02 0.000000 0 0.000000 1 
297 0.886986 -6.283855e-02 0.457503 9.354084e+02 -0.461566 -8.925815e-02 0.882604 3.741466e+03 -0.014625 -9.940245e-01 -0.108174 1.159120e+02 0.000000 0 0.000000 1 
298 0.889664 -6.229116e-02 0.452348 9.358025e+02 -0.456364 -8.835012e-02 0.885396 3.742172e+03 -0.015187 -9.941401e-01 -0.107029 1.159090e+02 0.000000 0 0.000000 1 
299 0.891503 -6.109639e-02 0.448877 9.361917e+02 -0.452779 -8.812248e-02 0.887257 3.742884e+03 -0.014652 -9.942344e-01 -0.106224 1.159080e+02 0.000000 0 0.000000 1 
300 0.892650 -5.928311e-02 0.446837 9.365798e+02 -0.450561 -8.850399e-02 0.888347 3.743598e+03 -0.013117 -9.943103e-01 -0.105713 1.159052e+02 0.000000 0 0.000000 1 
301 0.893721 -5.871159e-02 0.444766 9.369686e+02 -0.448450 -8.928427e-02 0.889337 3.744310e+03 -0.012503 -9.942745e-01 -0.106124 1.159022e+02 0.000000 0 0.000000 1 
302 0.895034 -5.760604e-02 0.442263 9.373546e+02 -0.445849 -8.978198e-02 0.890594 3.745029e+03 -0.011596 -9.942943e-01 -0.106041 1.159031e+02 0.000000 0 0.000000 1 
303 0.896342 -5.449343e-02 0.440002 9.377378e+02 -0.443273 -9.000498e-02 0.891857 3.745749e+03 -0.008998 -9.944496e-01 -0.104830 1.159021e+02 0.000000 0 0.000000 1 
304 0.897446 -5.307045e-02 0.437921 9.381218e+02 -0.441039 -8.832120e-02 0.893131 3.746471e+03 -0.008721 -9.946775e-01 -0.102669 1.159011e+02 0.000000 0 0.000000 1 
305 0.898796 -5.219237e-02 0.435251 9.385029e+02 -0.438277 -8.657106e-02 0.894661 3.747194e+03 -0.009014 -9.948778e-01 -0.100684 1.159024e+02 0.000000 0 0.000000 1 
306 0.900305 -5.027529e-02 0.432346 9.388833e+02 -0.435192 -8.646469e-02 0.896176 3.747925e+03 -0.007673 -9.949858e-01 -0.099723 1.159028e+02 0.000000 0 0.000000 1 
307 0.901829 -5.077587e-02 0.429101 9.392651e+02 -0.432033 -8.911340e-02 0.897444 3.748662e+03 -0.007330 -9.947266e-01 -0.102301 1.159005e+02 0.000000 0 0.000000 1 
308 0.903363 -5.201832e-02 0.425712 9.396472e+02 -0.428802 -9.074003e-02 0.898830 3.749400e+03 -0.008126 -9.945154e-01 -0.104276 1.158993e+02 0.000000 0 0.000000 1 
309 0.904715 -5.510300e-02 0.422440 9.400319e+02 -0.425884 -9.201923e-02 0.900086 3.750139e+03 -0.010725 -9.942317e-01 -0.106718 1.158992e+02 0.000000 0 0.000000 1 
310 0.905556 -5.697150e-02 0.420386 9.404166e+02 -0.424065 -9.407860e-02 0.900732 3.750887e+03 -0.011766 -9.939336e-01 -0.109352 1.158894e+02 0.000000 0 0.000000 1 
311 0.906027 -5.260692e-02 0.419938 9.407881e+02 -0.423207 -1.047800e-01 0.899954 3.751647e+03 -0.003342 -9.931033e-01 -0.117196 1.158702e+02 0.000000 0 0.000000 1 
312 0.905421 -4.826985e-02 0.421762 9.411595e+02 -0.424513 -1.063374e-01 0.899156 3.752396e+03 0.001447 -9.931580e-01 -0.116770 1.158683e+02 0.000000 0 0.000000 1 
313 0.903939 -4.410989e-02 0.425381 9.415393e+02 -0.427657 -9.799347e-02 0.898614 3.753128e+03 0.002047 -9.942093e-01 -0.107443 1.158738e+02 0.000000 0 0.000000 1 
314 0.901092 -3.605667e-02 0.432128 9.419190e+02 -0.433597 -8.720967e-02 0.896877 3.753859e+03 0.005348 -9.955375e-01 -0.094217 1.158729e+02 0.000000 0 0.000000 1 
315 0.897795 -3.150550e-02 0.439287 9.423109e+02 -0.440318 -8.515561e-02 0.893794 3.754601e+03 0.009249 -9.958697e-01 -0.090324 1.158683e+02 0.000000 0 0.000000 1 
316 0.894481 -3.493082e-02 0.445740 9.427241e+02 -0.446994 -9.230182e-02 0.889762 3.755355e+03 0.010063 -9.951184e-01 -0.098175 1.158677e+02 0.000000 0 0.000000 1 
317 0.890679 -4.069122e-02 0.452809 9.431536e+02 -0.454553 -9.846677e-02 0.885260 3.756105e+03 0.008565 -9.943083e-01 -0.106198 1.158696e+02 0.000000 0 0.000000 1 
318 0.886228 -4.344896e-02 0.461209 9.435871e+02 -0.463179 -1.006451e-01 0.880531 3.756846e+03 0.008161 -9.939734e-01 -0.109318 1.158652e+02 0.000000 0 0.000000 1 
319 0.881219 -4.241365e-02 0.470803 9.440214e+02 -0.472618 -9.869315e-02 0.875723 3.757583e+03 0.009323 -9.942139e-01 -0.107015 1.158625e+02 0.000000 0 0.000000 1 
320 0.876167 -4.045202e-02 0.480307 9.444644e+02 -0.481843 -9.957048e-02 0.870582 3.758321e+03 0.012608 -9.942081e-01 -0.106731 1.158561e+02 0.000000 0 0.000000 1 
321 0.870858 -4.150300e-02 0.489780 9.449233e+02 -0.491372 -9.917765e-02 0.865284 3.759052e+03 0.012664 -9.942041e-01 -0.106762 1.158527e+02 0.000000 0 0.000000 1 
322 0.865133 -4.505554e-02 0.499516 9.453954e+02 -0.501419 -9.999856e-02 0.859407 3.759784e+03 0.011230 -9.939672e-01 -0.109103 1.158472e+02 0.000000 0 0.000000 1 
323 0.859093 -4.534657e-02 0.509807 9.458751e+02 -0.511678 -9.959802e-02 0.853385 3.760514e+03 0.012078 -9.939942e-01 -0.108766 1.158412e+02 0.000000 0 0.000000 1 
324 0.852916 -4.568564e-02 0.520047 9.463634e+02 -0.521871 -1.007005e-01 0.847060 3.761245e+03 0.013671 -9.938675e-01 -0.109730 1.158325e+02 0.000000 0 0.000000 1 
325 0.846886 -4.966160e-02 0.529451 9.468697e+02 -0.531678 -9.806050e-02 0.841250 3.761966e+03 0.010141 -9.939408e-01 -0.109449 1.158275e+02 0.000000 0 0.000000 1 
326 0.841010 -5.362833e-02 0.538356 9.473847e+02 -0.540974 -9.648799e-02 0.835486 3.762685e+03 0.007139 -9.938886e-01 -0.110158 1.158217e+02 0.000000 0 0.000000 1 
327 0.835010 -5.619438e-02 0.547359 9.479070e+02 -0.550215 -9.404955e-02 0.829710 3.763399e+03 0.004854 -9.939806e-01 -0.109450 1.158160e+02 0.000000 0 0.000000 1 
328 0.829324 -5.858438e-02 0.555689 9.484368e+02 -0.558767 -8.957074e-02 0.824473 3.764107e+03 0.001473 -9.942562e-01 -0.107017 1.158119e+02 0.000000 0 0.000000 1 
329 0.824663 -6.227391e-02 0.562187 9.489757e+02 -0.565618 -8.557634e-02 0.820215 3.764809e+03 -0.002968 -9.943838e-01 -0.105794 1.158077e+02 0.000000 0 0.000000 1 
330 0.820628 -6.660890e-02 0.567568 9.495210e+02 -0.571396 -8.038927e-02 0.816728 3.765509e+03 -0.008775 -9.945357e-01 -0.104029 1.158060e+02 0.000000 0 0.000000 1 
331 0.818047 -7.074281e-02 0.570784 9.500671e+02 -0.575006 -7.822632e-02 0.814401 3.766211e+03 -0.012962 -9.944227e-01 -0.104670 1.158042e+02 0.000000 0 0.000000 1 
332 0.816987 -7.407031e-02 0.571880 9.506126e+02 -0.576402 -7.543878e-02 0.813676 3.766912e+03 -0.017127 -9.943958e-01 -0.104326 1.158049e+02 0.000000 0 0.000000 1 
